{"scene_id": "027/842", "scene_name": "027_842__San_Matteo__Salerno", "scene_prompt_name": "San_Matteo_(Salerno)", "images_dir": "scenes/027_842__San_Matteo__Salerno/images", "ref1_name": "commons/San_Matteo_(Salerno)_-_Atrio/0/pictures/Salerno_torre.jpg", "ref2_name": "commons/San_Matteo_(Salerno)_-_Tower/0/pictures/Campanile_di_Salerno.jpg", "target_name": "commons/San_Matteo_(Salerno)_-_Tower/0/pictures/Salerno_torre.jpg", "ref1_c2w": [[-0.6325641870498657, -0.3495404124259949, -0.6911469101905823, 0.8471469879150391], [-0.03890208527445793, 0.9055817723274231, -0.42238399386405945, -0.15504001080989838], [0.7735303044319153, -0.24029792845249176, -0.5864365100860596, 1.5656579732894897], [0.0, 0.0, 0.0, 1.0]], "ref2_c2w": [[-0.6464365124702454, -0.25899818539619446, -0.7176626920700073, 0.646913468837738], [0.008190625347197056, 0.9382100105285645, -0.3459695279598236, -0.13322752714157104], [0.7629237771034241, -0.22952543199062347, -0.6043718457221985, 1.7591725587844849], [0.0, 0.0, 0.0, 1.0]], "target_c2w": [[-0.6325641870498657, -0.3495404124259949, -0.6911469101905823, 0.8471469879150391], [-0.03890208527445793, 0.9055817723274231, -0.42238399386405945, -0.15504001080989838], [0.7735303044319153, -0.24029792845249176, -0.5864365100860596, 1.5656579732894897], [0.0, 0.0, 0.0, 1.0]], "K_ref1": [[1122.9364013671875, 0.0, 256.0], [0.0, 1122.9364013671875, 256.0], [0.0, 0.0, 1.0]], "K_ref2": [[764.218017578125, 0.0, 256.0], [0.0, 764.218017578125, 256.0], [0.0, 0.0, 1.0]], "K_tgt": [[1122.9364013671875, 0.0, 256.0], [0.0, 1122.9364013671875, 256.0], [0.0, 0.0, 1.0]], "triplet_rank": 0}
{"scene_id": "027/842", "scene_name": "027_842__San_Matteo__Salerno", "scene_prompt_name": "San_Matteo_(Salerno)", "images_dir": "scenes/027_842__San_Matteo__Salerno/images", "ref1_name": "commons/San_Matteo_(Salerno)_-_Tower/0/pictures/Salerno_torre.jpg", "ref2_name": "commons/San_Matteo_(Salerno)_-_Tower/0/pictures/Campanile_di_Salerno.jpg", "target_name": "commons/San_Matteo_(Salerno)_-_Atrio/0/pictures/Salerno_torre.jpg", "ref1_c2w": [[-0.6325641870498657, -0.3495404124259949, -0.6911469101905823, 0.8471469879150391], [-0.03890208527445793, 0.9055817723274231, -0.42238399386405945, -0.15504001080989838], [0.7735303044319153, -0.24029792845249176, -0.5864365100860596, 1.5656579732894897], [0.0, 0.0, 0.0, 1.0]], "ref2_c2w": [[-0.6464365124702454, -0.25899818539619446, -0.7176626920700073, 0.646913468837738], [0.008190625347197056, 0.9382100105285645, -0.3459695279598236, -0.13322752714157104], [0.7629237771034241, -0.22952543199062347, -0.6043718457221985, 1.7591725587844849], [0.0, 0.0, 0.0, 1.0]], "target_c2w": [[-0.6325641870498657, -0.3495404124259949, -0.6911469101905823, 0.8471469879150391], [-0.03890208527445793, 0.9055817723274231, -0.42238399386405945, -0.15504001080989838], [0.7735303044319153, -0.24029792845249176, -0.5864365100860596, 1.5656579732894897], [0.0, 0.0, 0.0, 1.0]], "K_ref1": [[1122.9364013671875, 0.0, 256.0], [0.0, 1122.9364013671875, 256.0], [0.0, 0.0, 1.0]], "K_ref2": [[764.218017578125, 0.0, 256.0], [0.0, 764.218017578125, 256.0], [0.0, 0.0, 1.0]], "K_tgt": [[1122.9364013671875, 0.0, 256.0], [0.0, 1122.9364013671875, 256.0], [0.0, 0.0, 1.0]], "triplet_rank": 1}
{"scene_id": "027/842", "scene_name": "027_842__San_Matteo__Salerno", "scene_prompt_name": "San_Matteo_(Salerno)", "images_dir": "scenes/027_842__San_Matteo__Salerno/images", "ref1_name": "commons/San_Matteo_(Salerno)_-_Tower/0/pictures/Campanile_di_Salerno.jpg", "ref2_name": "commons/San_Matteo_(Salerno)_-_Atrio/0/pictures/Salerno_torre.jpg", "target_name": "commons/San_Matteo_(Salerno)_-_Atrio/0/pictures/Campanile_di_Salerno.jpg", "ref1_c2w": [[-0.6464365124702454, -0.25899818539619446, -0.7176626920700073, 0.646913468837738], [0.008190625347197056, 0.9382100105285645, -0.3459695279598236, -0.13322752714157104], [0.7629237771034241, -0.22952543199062347, -0.6043718457221985, 1.7591725587844849], [0.0, 0.0, 0.0, 1.0]], "ref2_c2w": [[-0.6325641870498657, -0.3495404124259949, -0.6911469101905823, 0.8471469879150391], [-0.03890208527445793, 0.9055817723274231, -0.42238399386405945, -0.15504001080989838], [0.7735303044319153, -0.24029792845249176, -0.5864365100860596, 1.5656579732894897], [0.0, 0.0, 0.0, 1.0]], "target_c2w": [[-0.6464366316795349, -0.2589990198612213, -0.7176623344421387, 0.6469077467918396], [0.008190001361072063, 0.9382097721099854, -0.34597012400627136, -0.1332237869501114], [0.7629237174987793, -0.22952541708946228, -0.604371964931488, 1.7591722011566162], [0.0, 0.0, 0.0, 1.0]], "K_ref1": [[764.218017578125, 0.0, 256.0], [0.0, 764.218017578125, 256.0], [0.0, 0.0, 1.0]], "K_ref2": [[1122.9364013671875, 0.0, 256.0], [0.0, 1122.9364013671875, 256.0], [0.0, 0.0, 1.0]], "K_tgt": [[764.218017578125, 0.0, 256.0], [0.0, 764.218017578125, 256.0], [0.0, 0.0, 1.0]], "triplet_rank": 2}
{"scene_id": "027/842", "scene_name": "027_842__San_Matteo__Salerno", "scene_prompt_name": "San_Matteo_(Salerno)", "images_dir": "scenes/027_842__San_Matteo__Salerno/images", "ref1_name": "commons/San_Matteo_(Salerno)_-_Atrio/0/pictures/Campanile_di_Salerno.jpg", "ref2_name": "commons/San_Matteo_(Salerno)_-_Atrio/0/pictures/Salerno_torre.jpg", "target_name": "commons/San_Matteo_(Salerno)_-_Tower/0/pictures/Campanile_di_Salerno.jpg", "ref1_c2w": [[-0.6464366316795349, -0.2589990198612213, -0.7176623344421387, 0.6469077467918396], [0.008190001361072063, 0.9382097721099854, -0.34597012400627136, -0.1332237869501114], [0.7629237174987793, -0.22952541708946228, -0.604371964931488, 1.7591722011566162], [0.0, 0.0, 0.0, 1.0]], "ref2_c2w": [[-0.6325641870498657, -0.3495404124259949, -0.6911469101905823, 0.8471469879150391], [-0.03890208527445793, 0.9055817723274231, -0.42238399386405945, -0.15504001080989838], [0.7735303044319153, -0.24029792845249176, -0.5864365100860596, 1.5656579732894897], [0.0, 0.0, 0.0, 1.0]], "target_c2w": [[-0.6464365124702454, -0.25899818539619446, -0.7176626920700073, 0.646913468837738], [0.008190625347197056, 0.9382100105285645, -0.3459695279598236, -0.13322752714157104], [0.7629237771034241, -0.22952543199062347, -0.6043718457221985, 1.7591725587844849], [0.0, 0.0, 0.0, 1.0]], "K_ref1": [[764.218017578125, 0.0, 256.0], [0.0, 764.218017578125, 256.0], [0.0, 0.0, 1.0]], "K_ref2": [[1122.9364013671875, 0.0, 256.0], [0.0, 1122.9364013671875, 256.0], [0.0, 0.0, 1.0]], "K_tgt": [[764.218017578125, 0.0, 256.0], [0.0, 764.218017578125, 256.0], [0.0, 0.0, 1.0]], "triplet_rank": 3}
{"scene_id": "027/842", "scene_name": "027_842__San_Matteo__Salerno", "scene_prompt_name": "San_Matteo_(Salerno)", "images_dir": "scenes/027_842__San_Matteo__Salerno/images", "ref1_name": "commons/San_Matteo_(Salerno)_-_Tower/0/pictures/Catedral_Salerno_torre_02.JPG", "ref2_name": "commons/San_Matteo_(Salerno)_-_Tower/0/pictures/Campanile_di_Salerno.jpg", "target_name": "commons/San_Matteo_(Salerno)_-_Facade/0/pictures/Atrio_catedral_Salerno_09.JPG", "ref1_c2w": [[-0.625377893447876, -0.35484421253204346, -0.6949734687805176, 0.8831789493560791], [-0.03496173396706581, 0.902471125125885, -0.42932912707328796, -0.1453361064195633], [0.7795384526252747, -0.24419546127319336, -0.5767914652824402, 1.5890735387802124], [0.0, 0.0, 0.0, 1.0]], "ref2_c2w": [[-0.6464365124702454, -0.25899818539619446, -0.7176626920700073, 0.646913468837738], [0.008190625347197056, 0.9382100105285645, -0.3459695279598236, -0.13322752714157104], [0.7629237771034241, -0.22952543199062347, -0.6043718457221985, 1.7591725587844849], [0.0, 0.0, 0.0, 1.0]], "target_c2w": [[0.05806215852499008, -0.9593114256858826, -0.2763156592845917, 0.8847700953483582], [-0.9673959016799927, 0.014282885938882828, -0.2528659999370575, -0.14835423231124878], [0.24652382731437683, 0.28198856115341187, -0.9272046685218811, 1.5796977281570435], [0.0, 0.0, 0.0, 1.0]], "K_ref1": [[1082.44482421875, 0.0, 256.0], [0.0, 1082.44482421875, 256.0], [0.0, 0.0, 1.0]], "K_ref2": [[764.218017578125, 0.0, 256.0], [0.0, 764.218017578125, 256.0], [0.0, 0.0, 1.0]], "K_tgt": [[808.5844116210938, 0.0, 256.0], [0.0, 808.5844116210938, 256.0], [0.0, 0.0, 1.0]], "triplet_rank": 4}
{"scene_id": "077/133", "scene_name": "077_133__Mercado_da_Ribeira__Lisbon", "scene_prompt_name": "Mercado_da_Ribeira_(Lisbon)", "images_dir": "scenes/077_133__Mercado_da_Ribeira__Lisbon/images", "ref1_name": "commons/Mercado_da_Ribeira_(Lisbon)/0/pictures/Mercado_da_Ribeira,_Lisbonne,_Portugal_(32170569388).jpg", "ref2_name": "commons/Mercado_da_Ribeira_(Lisbon)/0/pictures/Lissabon,_Mercado_da_Ribeira,_Bars.JPG", "target_name": "commons/Mercado_da_Ribeira_(Lisbon)/0/pictures/Mercado_da_Ribeira,_Lisbonne,_Portugal_(48073119547).jpg", "ref1_c2w": [[-0.015540710650384426, -0.11513342708349228, -0.9932284355163574, 0.6076213717460632], [0.002494454849511385, 0.9933408498764038, -0.11518548429012299, 0.2684580087661743], [0.9998761415481567, -0.004267627838999033, -0.01515002828091383, -0.08294008672237396], [0.0, 0.0, 0.0, 1.0]], "ref2_c2w": [[-0.03395986557006836, 0.020670829340815544, -0.9992094039916992, 0.38381749391555786], [0.004359158221632242, 0.9997796416282654, 0.020534472540020943, 0.24809817969799042], [0.9994136691093445, -0.00365836382843554, -0.034042492508888245, 0.04440050572156906], [0.0, 0.0, 0.0, 1.0]], "target_c2w": [[-0.015539374202489853, -0.1152135506272316, -0.9932191967964172, 0.6078232526779175], [0.002609647111967206, 0.9933310747146606, -0.11526735872030258, 0.26903602480888367], [0.9998758435249329, -0.004383134189993143, -0.015135076828300953, -0.08321159332990646], [0.0, 0.0, 0.0, 1.0]], "K_ref1": [[538.4830322265625, 0.0, 256.0], [0.0, 538.4830322265625, 256.0], [0.0, 0.0, 1.0]], "K_ref2": [[1205.9757080078125, 0.0, 256.0], [0.0, 1205.9757080078125, 256.0], [0.0, 0.0, 1.0]], "K_tgt": [[538.4830322265625, 0.0, 256.0], [0.0, 538.4830322265625, 256.0], [0.0, 0.0, 1.0]], "triplet_rank": 0}
{"scene_id": "077/133", "scene_name": "077_133__Mercado_da_Ribeira__Lisbon", "scene_prompt_name": "Mercado_da_Ribeira_(Lisbon)", "images_dir": "scenes/077_133__Mercado_da_Ribeira__Lisbon/images", "ref1_name": "commons/Mercado_da_Ribeira_(Lisbon)/0/pictures/Mercado_da_Ribeira,_Lisbonne,_Portugal_(48073119547).jpg", "ref2_name": "commons/Mercado_da_Ribeira_(Lisbon)/0/pictures/Lissabon,_Mercado_da_Ribeira,_Bars.JPG", "target_name": "commons/Mercado_da_Ribeira_(Lisbon)/0/pictures/Mercado_da_Ribeira,_Lisbonne,_Portugal_(32170569388).jpg", "ref1_c2w": [[-0.015539374202489853, -0.1152135506272316, -0.9932191967964172, 0.6078232526779175], [0.002609647111967206, 0.9933310747146606, -0.11526735872030258, 0.26903602480888367], [0.9998758435249329, -0.004383134189993143, -0.015135076828300953, -0.08321159332990646], [0.0, 0.0, 0.0, 1.0]], "ref2_c2w": [[-0.03395986557006836, 0.020670829340815544, -0.9992094039916992, 0.38381749391555786], [0.004359158221632242, 0.9997796416282654, 0.020534472540020943, 0.24809817969799042], [0.9994136691093445, -0.00365836382843554, -0.034042492508888245, 0.04440050572156906], [0.0, 0.0, 0.0, 1.0]], "target_c2w": [[-0.015540710650384426, -0.11513342708349228, -0.9932284355163574, 0.6076213717460632], [0.002494454849511385, 0.9933408498764038, -0.11518548429012299, 0.2684580087661743], [0.9998761415481567, -0.004267627838999033, -0.01515002828091383, -0.08294008672237396], [0.0, 0.0, 0.0, 1.0]], "K_ref1": [[538.4830322265625, 0.0, 256.0], [0.0, 538.4830322265625, 256.0], [0.0, 0.0, 1.0]], "K_ref2": [[1205.9757080078125, 0.0, 256.0], [0.0, 1205.9757080078125, 256.0], [0.0, 0.0, 1.0]], "K_tgt": [[538.4830322265625, 0.0, 256.0], [0.0, 538.4830322265625, 256.0], [0.0, 0.0, 1.0]], "triplet_rank": 1}
{"scene_id": "077/133", "scene_name": "077_133__Mercado_da_Ribeira__Lisbon", "scene_prompt_name": "Mercado_da_Ribeira_(Lisbon)", "images_dir": "scenes/077_133__Mercado_da_Ribeira__Lisbon/images", "ref1_name": "commons/Mercado_da_Ribeira_(Lisbon)/0/pictures/Lissabon,_Mercado_da_Ribeira,_Bars.JPG", "ref2_name": "commons/Mercado_da_Ribeira_(Lisbon)/0/pictures/Mercado_da_Ribeira,_Lisbonne,_Portugal_(32170569388).jpg", "target_name": "commons/Mercado_da_Ribeira_(Lisbon)/0/pictures/Mercado_da_Ribeira_Time_Out_food_court_(22181086769).jpg", "ref1_c2w": [[-0.03395986557006836, 0.020670829340815544, -0.9992094039916992, 0.38381749391555786], [0.004359158221632242, 0.9997796416282654, 0.020534472540020943, 0.24809817969799042], [0.9994136691093445, -0.00365836382843554, -0.034042492508888245, 0.04440050572156906], [0.0, 0.0, 0.0, 1.0]], "ref2_c2w": [[-0.015540710650384426, -0.11513342708349228, -0.9932284355163574, 0.6076213717460632], [0.002494454849511385, 0.9933408498764038, -0.11518548429012299, 0.2684580087661743], [0.9998761415481567, -0.004267627838999033, -0.01515002828091383, -0.08294008672237396], [0.0, 0.0, 0.0, 1.0]], "target_c2w": [[-0.09957725554704666, -0.20450669527053833, -0.9737871289253235, 0.4588676393032074], [0.007605939172208309, 0.9784661531448364, -0.2062671184539795, 0.28982028365135193], [0.9950007796287537, -0.027946079149842262, -0.0958775132894516, -0.05125585198402405], [0.0, 0.0, 0.0, 1.0]], "K_ref1": [[1205.9757080078125, 0.0, 256.0], [0.0, 1205.9757080078125, 256.0], [0.0, 0.0, 1.0]], "K_ref2": [[538.4830322265625, 0.0, 256.0], [0.0, 538.4830322265625, 256.0], [0.0, 0.0, 1.0]], "K_tgt": [[925.5578002929688, 0.0, 256.0], [0.0, 925.5578002929688, 256.0], [0.0, 0.0, 1.0]], "triplet_rank": 2}
{"scene_id": "077/133", "scene_name": "077_133__Mercado_da_Ribeira__Lisbon", "scene_prompt_name": "Mercado_da_Ribeira_(Lisbon)", "images_dir": "scenes/077_133__Mercado_da_Ribeira__Lisbon/images", "ref1_name": "commons/Mercado_da_Ribeira_(Lisbon)/0/pictures/Timeout_Market_(39730584694).jpg", "ref2_name": "commons/Mercado_da_Ribeira_(Lisbon)/0/pictures/Mercado_da_ribeira_2017002.jpg", "target_name": "commons/Mercado_da_Ribeira_(Lisbon)/0/pictures/Mercado_da_Ribeira_(Time_Out_Market)_-_Lisboa_-_Portugal_(51018939231).jpg", "ref1_c2w": [[-0.0028679834213107824, 0.019206486642360687, -0.9998114109039307, 1.4341421127319336], [0.008046570234000683, 0.9997836351394653, 0.019182870164513588, -0.32845357060432434], [0.9999635219573975, -0.007990037091076374, -0.0030219091568142176, -0.1842244267463684], [0.0, 0.0, 0.0, 1.0]], "ref2_c2w": [[-0.11488185822963715, 0.1898469775915146, -0.9750694036483765, 1.3431766033172607], [0.026969339698553085, 0.9818024635314941, 0.18798039853572845, -0.3634101152420044], [0.9930130243301392, -0.00470143835991621, -0.11791133880615234, 0.05636411905288696], [0.0, 0.0, 0.0, 1.0]], "target_c2w": [[-0.007192287128418684, 0.011384855024516582, -0.9999093413352966, 1.2894973754882812], [0.006497764028608799, 0.9999145865440369, 0.011338177137076855, -0.3388465642929077], [0.999953031539917, -0.006415627431124449, -0.007265648804605007, -0.10053364932537079], [0.0, 0.0, 0.0, 1.0]], "K_ref1": [[533.4945068359375, 0.0, 256.0], [0.0, 533.4945068359375, 256.0], [0.0, 0.0, 1.0]], "K_ref2": [[1006.9036254882812, 0.0, 256.0], [0.0, 1006.9036254882812, 256.0], [0.0, 0.0, 1.0]], "K_tgt": [[515.0836181640625, 0.0, 256.0], [0.0, 515.0836181640625, 256.0], [0.0, 0.0, 1.0]], "triplet_rank": 3}
{"scene_id": "077/133", "scene_name": "077_133__Mercado_da_Ribeira__Lisbon", "scene_prompt_name": "Mercado_da_Ribeira_(Lisbon)", "images_dir": "scenes/077_133__Mercado_da_Ribeira__Lisbon/images", "ref1_name": "commons/Mercado_da_Ribeira_(Lisbon)/0/pictures/Mercado_da_ribeira_2017002.jpg", "ref2_name": "commons/Mercado_da_Ribeira_(Lisbon)/0/pictures/Timeout_Market_(39730584694).jpg", "target_name": "commons/Mercado_da_Ribeira_(Lisbon)/0/pictures/Mercado_da_Ribeira_(Time_Out_Market)_-_Lisboa_-_Portugal_(51018939231).jpg", "ref1_c2w": [[-0.11488185822963715, 0.1898469775915146, -0.9750694036483765, 1.3431766033172607], [0.026969339698553085, 0.9818024635314941, 0.18798039853572845, -0.3634101152420044], [0.9930130243301392, -0.00470143835991621, -0.11791133880615234, 0.05636411905288696], [0.0, 0.0, 0.0, 1.0]], "ref2_c2w": [[-0.0028679834213107824, 0.019206486642360687, -0.9998114109039307, 1.4341421127319336], [0.008046570234000683, 0.9997836351394653, 0.019182870164513588, -0.32845357060432434], [0.9999635219573975, -0.007990037091076374, -0.0030219091568142176, -0.1842244267463684], [0.0, 0.0, 0.0, 1.0]], "target_c2w": [[-0.007192287128418684, 0.011384855024516582, -0.9999093413352966, 1.2894973754882812], [0.006497764028608799, 0.9999145865440369, 0.011338177137076855, -0.3388465642929077], [0.999953031539917, -0.006415627431124449, -0.007265648804605007, -0.10053364932537079], [0.0, 0.0, 0.0, 1.0]], "K_ref1": [[1006.9036254882812, 0.0, 256.0], [0.0, 1006.9036254882812, 256.0], [0.0, 0.0, 1.0]], "K_ref2": [[533.4945068359375, 0.0, 256.0], [0.0, 533.4945068359375, 256.0], [0.0, 0.0, 1.0]], "K_tgt": [[515.0836181640625, 0.0, 256.0], [0.0, 515.0836181640625, 256.0], [0.0, 0.0, 1.0]], "triplet_rank": 4}
{"scene_id": "368/109", "scene_name": "368_109__St_Marys__Bibury", "scene_prompt_name": "St_Mary's,_Bibury", "images_dir": "scenes/368_109__St_Marys__Bibury/images", "ref1_name": "commons/St_Mary's,_Bibury/0/pictures/Bibury_2015_20.jpg", "ref2_name": "commons/St_Mary's,_Bibury/0/pictures/Church_of_St_Mary,_Bibury,_Gloucestershire_(geograph_4661089).jpg", "target_name": "commons/St_Mary's,_Bibury/0/pictures/Bibury_2015_21.jpg", "ref1_c2w": [[-0.784123957157135, 0.13725507259368896, 0.6052359938621521, 0.47805798053741455], [0.03915438801050186, 0.9842350482940674, -0.1724770963191986, -0.015179317444562912], [-0.6193678379058838, -0.11154578626155853, -0.7771364450454712, -0.5134047269821167], [0.0, 0.0, 0.0, 1.0]], "ref2_c2w": [[-0.7558783888816833, 0.17733630537986755, 0.6302378177642822, 0.6786158084869385], [0.053954970091581345, 0.9762164950370789, -0.2099766582250595, 0.029496269300580025], [-0.6524850726127625, -0.12471235543489456, -0.7474691271781921, -0.7009111046791077], [0.0, 0.0, 0.0, 1.0]], "target_c2w": [[-0.711566150188446, 0.1842687875032425, 0.6780255436897278, 0.466200590133667], [0.03399304300546646, 0.9728958010673523, -0.22873185575008392, -0.003031172789633274], [-0.7017963528633118, -0.1397096961736679, -0.6985435485839844, -0.5211008191108704], [0.0, 0.0, 0.0, 1.0]], "K_ref1": [[627.7753295898438, 0.0, 256.0], [0.0, 627.7753295898438, 256.0], [0.0, 0.0, 1.0]], "K_ref2": [[691.4572143554688, 0.0, 256.0], [0.0, 691.4572143554688, 256.0], [0.0, 0.0, 1.0]], "K_tgt": [[663.9502563476562, 0.0, 256.0], [0.0, 663.9502563476562, 256.0], [0.0, 0.0, 1.0]], "triplet_rank": 0}
{"scene_id": "368/109", "scene_name": "368_109__St_Marys__Bibury", "scene_prompt_name": "St_Mary's,_Bibury", "images_dir": "scenes/368_109__St_Marys__Bibury/images", "ref1_name": "commons/St_Mary's,_Bibury/0/pictures/Bibury_2015_21.jpg", "ref2_name": "commons/St_Mary's,_Bibury/0/pictures/Church_of_St_Mary,_Bibury,_Gloucestershire_(geograph_4661089).jpg", "target_name": "commons/St_Mary's,_Bibury/0/pictures/Bibury_2015_20.jpg", "ref1_c2w": [[-0.711566150188446, 0.1842687875032425, 0.6780255436897278, 0.466200590133667], [0.03399304300546646, 0.9728958010673523, -0.22873185575008392, -0.003031172789633274], [-0.7017963528633118, -0.1397096961736679, -0.6985435485839844, -0.5211008191108704], [0.0, 0.0, 0.0, 1.0]], "ref2_c2w": [[-0.7558783888816833, 0.17733630537986755, 0.6302378177642822, 0.6786158084869385], [0.053954970091581345, 0.9762164950370789, -0.2099766582250595, 0.029496269300580025], [-0.6524850726127625, -0.12471235543489456, -0.7474691271781921, -0.7009111046791077], [0.0, 0.0, 0.0, 1.0]], "target_c2w": [[-0.784123957157135, 0.13725507259368896, 0.6052359938621521, 0.47805798053741455], [0.03915438801050186, 0.9842350482940674, -0.1724770963191986, -0.015179317444562912], [-0.6193678379058838, -0.11154578626155853, -0.7771364450454712, -0.5134047269821167], [0.0, 0.0, 0.0, 1.0]], "K_ref1": [[663.9502563476562, 0.0, 256.0], [0.0, 663.9502563476562, 256.0], [0.0, 0.0, 1.0]], "K_ref2": [[691.4572143554688, 0.0, 256.0], [0.0, 691.4572143554688, 256.0], [0.0, 0.0, 1.0]], "K_tgt": [[627.7753295898438, 0.0, 256.0], [0.0, 627.7753295898438, 256.0], [0.0, 0.0, 1.0]], "triplet_rank": 1}
{"scene_id": "368/109", "scene_name": "368_109__St_Marys__Bibury", "scene_prompt_name": "St_Mary's,_Bibury", "images_dir": "scenes/368_109__St_Marys__Bibury/images", "ref1_name": "commons/St_Mary's,_Bibury/0/pictures/Church_of_St_Mary,_Bibury,_Gloucestershire_(geograph_4661089).jpg", "ref2_name": "commons/St_Mary's,_Bibury/0/pictures/Bibury_2015_20.jpg", "target_name": "commons/St_Mary's,_Bibury/0/pictures/Bibury_2015_21.jpg", "ref1_c2w": [[-0.7558783888816833, 0.17733630537986755, 0.6302378177642822, 0.6786158084869385], [0.053954970091581345, 0.9762164950370789, -0.2099766582250595, 0.029496269300580025], [-0.6524850726127625, -0.12471235543489456, -0.7474691271781921, -0.7009111046791077], [0.0, 0.0, 0.0, 1.0]], "ref2_c2w": [[-0.784123957157135, 0.13725507259368896, 0.6052359938621521, 0.47805798053741455], [0.03915438801050186, 0.9842350482940674, -0.1724770963191986, -0.015179317444562912], [-0.6193678379058838, -0.11154578626155853, -0.7771364450454712, -0.5134047269821167], [0.0, 0.0, 0.0, 1.0]], "target_c2w": [[-0.711566150188446, 0.1842687875032425, 0.6780255436897278, 0.466200590133667], [0.03399304300546646, 0.9728958010673523, -0.22873185575008392, -0.003031172789633274], [-0.7017963528633118, -0.1397096961736679, -0.6985435485839844, -0.5211008191108704], [0.0, 0.0, 0.0, 1.0]], "K_ref1": [[691.4572143554688, 0.0, 256.0], [0.0, 691.4572143554688, 256.0], [0.0, 0.0, 1.0]], "K_ref2": [[627.7753295898438, 0.0, 256.0], [0.0, 627.7753295898438, 256.0], [0.0, 0.0, 1.0]], "K_tgt": [[663.9502563476562, 0.0, 256.0], [0.0, 663.9502563476562, 256.0], [0.0, 0.0, 1.0]], "triplet_rank": 2}
{"scene_id": "368/109", "scene_name": "368_109__St_Marys__Bibury", "scene_prompt_name": "St_Mary's,_Bibury", "images_dir": "scenes/368_109__St_Marys__Bibury/images", "ref1_name": "commons/St_Mary's,_Bibury/0/pictures/Church,_Bibury_-_geograph.org.uk_-_1917432.jpg", "ref2_name": "commons/St_Mary's,_Bibury/0/pictures/Church_of_St_Mary,_Bibury,_Gloucestershire_(geograph_4661089).jpg", "target_name": "commons/St_Mary's,_Bibury/0/pictures/Bibury_2015_21.jpg", "ref1_c2w": [[-0.7829038500785828, 0.12703604996204376, 0.6090347766876221, 0.3975030779838562], [0.015004114247858524, 0.9825016856193542, -0.18564842641353607, 0.04177074134349823], [-0.621961772441864, -0.13620683550834656, -0.7711104154586792, -0.8701788187026978], [0.0, 0.0, 0.0, 1.0]], "ref2_c2w": [[-0.7558783888816833, 0.17733630537986755, 0.6302378177642822, 0.6786158084869385], [0.053954970091581345, 0.9762164950370789, -0.2099766582250595, 0.029496269300580025], [-0.6524850726127625, -0.12471235543489456, -0.7474691271781921, -0.7009111046791077], [0.0, 0.0, 0.0, 1.0]], "target_c2w": [[-0.711566150188446, 0.1842687875032425, 0.6780255436897278, 0.466200590133667], [0.03399304300546646, 0.9728958010673523, -0.22873185575008392, -0.003031172789633274], [-0.7017963528633118, -0.1397096961736679, -0.6985435485839844, -0.5211008191108704], [0.0, 0.0, 0.0, 1.0]], "K_ref1": [[540.7167358398438, 0.0, 256.0], [0.0, 540.7167358398438, 256.0], [0.0, 0.0, 1.0]], "K_ref2": [[691.4572143554688, 0.0, 256.0], [0.0, 691.4572143554688, 256.0], [0.0, 0.0, 1.0]], "K_tgt": [[663.9502563476562, 0.0, 256.0], [0.0, 663.9502563476562, 256.0], [0.0, 0.0, 1.0]], "triplet_rank": 3}
{"scene_id": "368/109", "scene_name": "368_109__St_Marys__Bibury", "scene_prompt_name": "St_Mary's,_Bibury", "images_dir": "scenes/368_109__St_Marys__Bibury/images", "ref1_name": "commons/St_Mary's,_Bibury/0/pictures/St_Mary's,_Bibury_-_geograph.org.uk_-_4026582.jpg", "ref2_name": "commons/St_Mary's,_Bibury/0/pictures/Church_of_St_Mary,_Bibury,_Gloucestershire_(geograph_4661089).jpg", "target_name": "commons/St_Mary's,_Bibury/0/pictures/Church,_Bibury_-_geograph.org.uk_-_1917432.jpg", "ref1_c2w": [[-0.7043920755386353, 0.15254394710063934, 0.6932259202003479, 0.7390313148498535], [-0.018002841621637344, 0.9724807739257812, -0.23228663206100464, 0.04611547291278839], [-0.7095828056335449, -0.17610089480876923, -0.6822615265846252, -1.0773333311080933], [0.0, 0.0, 0.0, 1.0]], "ref2_c2w": [[-0.7558783888816833, 0.17733630537986755, 0.6302378177642822, 0.6786158084869385], [0.053954970091581345, 0.9762164950370789, -0.2099766582250595, 0.029496269300580025], [-0.6524850726127625, -0.12471235543489456, -0.7474691271781921, -0.7009111046791077], [0.0, 0.0, 0.0, 1.0]], "target_c2w": [[-0.7829038500785828, 0.12703604996204376, 0.6090347766876221, 0.3975030779838562], [0.015004114247858524, 0.9825016856193542, -0.18564842641353607, 0.04177074134349823], [-0.621961772441864, -0.13620683550834656, -0.7711104154586792, -0.8701788187026978], [0.0, 0.0, 0.0, 1.0]], "K_ref1": [[635.779052734375, 0.0, 256.0], [0.0, 635.779052734375, 256.0], [0.0, 0.0, 1.0]], "K_ref2": [[691.4572143554688, 0.0, 256.0], [0.0, 691.4572143554688, 256.0], [0.0, 0.0, 1.0]], "K_tgt": [[540.7167358398438, 0.0, 256.0], [0.0, 540.7167358398438, 256.0], [0.0, 0.0, 1.0]], "triplet_rank": 4}
{"scene_id": "423/719", "scene_name": "423_719__Catedral_de_Concepci_n__Santa_Cruz", "scene_prompt_name": "Catedral_de_Concepci\u00f3n,_Santa_Cruz", "images_dir": "scenes/423_719__Catedral_de_Concepci_n__Santa_Cruz/images", "ref1_name": "commons/Catedral_de_Concepci\u00f3n,_Santa_Cruz/0/pictures/BO_Concepci\u00f3n_1207_(11)_(17042188819).jpg", "ref2_name": "commons/Catedral_de_Concepci\u00f3n,_Santa_Cruz/0/pictures/BO_Concepci\u00f3n_1207_(13)_(17226656952).jpg", "target_name": "commons/Catedral_de_Concepci\u00f3n,_Santa_Cruz/0/pictures/BO_Concepci\u00f3n_1207_(12)_(17202421766).jpg", "ref1_c2w": [[0.9998839497566223, -0.001122783636674285, -0.015194343402981758, -0.2615947723388672], [-0.001982187619432807, 0.9792182445526123, -0.20279966294765472, -0.014746769331395626], [0.015106278471648693, 0.2028062343597412, 0.979102373123169, 2.7108912467956543], [0.0, 0.0, 0.0, 1.0]], "ref2_c2w": [[0.9994955062866211, -0.010706967674195766, -0.029901202768087387, -0.7845171689987183], [0.006684418767690659, 0.9912906885147095, -0.13152216374874115, 0.020696520805358887], [0.031048988923430443, 0.13125593960285187, 0.9908621907234192, 2.675144910812378], [0.0, 0.0, 0.0, 1.0]], "target_c2w": [[0.999949038028717, -0.0023279404267668724, -0.009825197979807854, -0.26365208625793457], [-0.0024133066181093454, 0.8897575736045837, -0.45642706751823425, -0.015805987641215324], [0.009804579429328442, 0.45642751455307007, 0.8897066116333008, 2.7074294090270996], [0.0, 0.0, 0.0, 1.0]], "K_ref1": [[601.7583618164062, 0.0, 256.0], [0.0, 601.7583618164062, 256.0], [0.0, 0.0, 1.0]], "K_ref2": [[1228.0009765625, 0.0, 256.0], [0.0, 1228.0009765625, 256.0], [0.0, 0.0, 1.0]], "K_tgt": [[1438.50634765625, 0.0, 256.0], [0.0, 1438.50634765625, 256.0], [0.0, 0.0, 1.0]], "triplet_rank": 0}
{"scene_id": "423/719", "scene_name": "423_719__Catedral_de_Concepci_n__Santa_Cruz", "scene_prompt_name": "Catedral_de_Concepci\u00f3n,_Santa_Cruz", "images_dir": "scenes/423_719__Catedral_de_Concepci_n__Santa_Cruz/images", "ref1_name": "commons/Catedral_de_Concepci\u00f3n,_Santa_Cruz/0/pictures/BO_Concepci\u00f3n_1207_(12)_(17202421766).jpg", "ref2_name": "commons/Catedral_de_Concepci\u00f3n,_Santa_Cruz/0/pictures/BO_Concepci\u00f3n_1207_(13)_(17226656952).jpg", "target_name": "commons/Catedral_de_Concepci\u00f3n,_Santa_Cruz/0/pictures/BO_Concepci\u00f3n_1207_(11)_(17042188819).jpg", "ref1_c2w": [[0.999949038028717, -0.0023279404267668724, -0.009825197979807854, -0.26365208625793457], [-0.0024133066181093454, 0.8897575736045837, -0.45642706751823425, -0.015805987641215324], [0.009804579429328442, 0.45642751455307007, 0.8897066116333008, 2.7074294090270996], [0.0, 0.0, 0.0, 1.0]], "ref2_c2w": [[0.9994955062866211, -0.010706967674195766, -0.029901202768087387, -0.7845171689987183], [0.006684418767690659, 0.9912906885147095, -0.13152216374874115, 0.020696520805358887], [0.031048988923430443, 0.13125593960285187, 0.9908621907234192, 2.675144910812378], [0.0, 0.0, 0.0, 1.0]], "target_c2w": [[0.9998839497566223, -0.001122783636674285, -0.015194343402981758, -0.2615947723388672], [-0.001982187619432807, 0.9792182445526123, -0.20279966294765472, -0.014746769331395626], [0.015106278471648693, 0.2028062343597412, 0.979102373123169, 2.7108912467956543], [0.0, 0.0, 0.0, 1.0]], "K_ref1": [[1438.50634765625, 0.0, 256.0], [0.0, 1438.50634765625, 256.0], [0.0, 0.0, 1.0]], "K_ref2": [[1228.0009765625, 0.0, 256.0], [0.0, 1228.0009765625, 256.0], [0.0, 0.0, 1.0]], "K_tgt": [[601.7583618164062, 0.0, 256.0], [0.0, 601.7583618164062, 256.0], [0.0, 0.0, 1.0]], "triplet_rank": 1}
{"scene_id": "423/719", "scene_name": "423_719__Catedral_de_Concepci_n__Santa_Cruz", "scene_prompt_name": "Catedral_de_Concepci\u00f3n,_Santa_Cruz", "images_dir": "scenes/423_719__Catedral_de_Concepci_n__Santa_Cruz/images", "ref1_name": "commons/Catedral_de_Concepci\u00f3n,_Santa_Cruz/0/pictures/Concepci\u00f3n_03.jpg", "ref2_name": "commons/Catedral_de_Concepci\u00f3n,_Santa_Cruz/0/pictures/BO_Concepci\u00f3n_1207_(10)_(17040593088).jpg", "target_name": "commons/Catedral_de_Concepci\u00f3n,_Santa_Cruz/0/pictures/BO_Concepci\u00f3n_1207_(9)_(16608164973).jpg", "ref1_c2w": [[0.9999791383743286, 0.0008225837955251336, -0.0064025381579995155, 0.21788813173770905], [-0.0018515458796173334, 0.9867213368415833, -0.16241158545017242, 0.027601927518844604], [0.006183924153447151, 0.16242004930973053, 0.9867023229598999, 1.7155146598815918], [0.0, 0.0, 0.0, 1.0]], "ref2_c2w": [[0.9999457001686096, 0.002813928760588169, 0.010031763464212418, 0.16200317442417145], [-0.000385714927688241, 0.9721763134002686, -0.2342500239610672, 0.03698701784014702], [-0.010411805473268032, 0.23423343896865845, 0.9721246361732483, 1.4316142797470093], [0.0, 0.0, 0.0, 1.0]], "target_c2w": [[0.9999892711639404, 0.0030218360479921103, -0.0035175944212824106, 0.2050703912973404], [-0.003893629414960742, 0.9591311812400818, -0.28293490409851074, 0.027375513687729836], [0.002518851775676012, 0.28294557332992554, 0.9591326713562012, 2.0720055103302], [0.0, 0.0, 0.0, 1.0]], "K_ref1": [[835.8140869140625, 0.0, 256.0], [0.0, 835.8140869140625, 256.0], [0.0, 0.0, 1.0]], "K_ref2": [[605.3629150390625, 0.0, 256.0], [0.0, 605.3629150390625, 256.0], [0.0, 0.0, 1.0]], "K_tgt": [[601.7583618164062, 0.0, 256.0], [0.0, 601.7583618164062, 256.0], [0.0, 0.0, 1.0]], "triplet_rank": 2}
{"scene_id": "423/719", "scene_name": "423_719__Catedral_de_Concepci_n__Santa_Cruz", "scene_prompt_name": "Catedral_de_Concepci\u00f3n,_Santa_Cruz", "images_dir": "scenes/423_719__Catedral_de_Concepci_n__Santa_Cruz/images", "ref1_name": "commons/Catedral_de_Concepci\u00f3n,_Santa_Cruz/0/pictures/BO_Concepci\u00f3n_1207_(13)_(17226656952).jpg", "ref2_name": "commons/Catedral_de_Concepci\u00f3n,_Santa_Cruz/0/pictures/BO_Concepci\u00f3n_1207_(11)_(17042188819).jpg", "target_name": "commons/Catedral_de_Concepci\u00f3n,_Santa_Cruz/0/pictures/BO_Concepci\u00f3n_1207_(14)_(17226656752).jpg", "ref1_c2w": [[0.9994955062866211, -0.010706967674195766, -0.029901202768087387, -0.7845171689987183], [0.006684418767690659, 0.9912906885147095, -0.13152216374874115, 0.020696520805358887], [0.031048988923430443, 0.13125593960285187, 0.9908621907234192, 2.675144910812378], [0.0, 0.0, 0.0, 1.0]], "ref2_c2w": [[0.9998839497566223, -0.001122783636674285, -0.015194343402981758, -0.2615947723388672], [-0.001982187619432807, 0.9792182445526123, -0.20279966294765472, -0.014746769331395626], [0.015106278471648693, 0.2028062343597412, 0.979102373123169, 2.7108912467956543], [0.0, 0.0, 0.0, 1.0]], "target_c2w": [[0.6094390153884888, 0.2806578278541565, 0.7414953112602234, -0.7794240713119507], [-0.03713082894682884, 0.9443252682685852, -0.32691144943237305, -0.015994681045413017], [-0.7919629812240601, 0.17170025408267975, 0.5859296917915344, 2.7716846466064453], [0.0, 0.0, 0.0, 1.0]], "K_ref1": [[1228.0009765625, 0.0, 256.0], [0.0, 1228.0009765625, 256.0], [0.0, 0.0, 1.0]], "K_ref2": [[601.7583618164062, 0.0, 256.0], [0.0, 601.7583618164062, 256.0], [0.0, 0.0, 1.0]], "K_tgt": [[601.7583618164062, 0.0, 256.0], [0.0, 601.7583618164062, 256.0], [0.0, 0.0, 1.0]], "triplet_rank": 3}
{"scene_id": "423/719", "scene_name": "423_719__Catedral_de_Concepci_n__Santa_Cruz", "scene_prompt_name": "Catedral_de_Concepci\u00f3n,_Santa_Cruz", "images_dir": "scenes/423_719__Catedral_de_Concepci_n__Santa_Cruz/images", "ref1_name": "commons/Catedral_de_Concepci\u00f3n,_Santa_Cruz/0/pictures/Concepci\u00f3n_02.jpg", "ref2_name": "commons/Catedral_de_Concepci\u00f3n,_Santa_Cruz/0/pictures/BO_Concepci\u00f3n_1207_(10)_(17040593088).jpg", "target_name": "commons/Catedral_de_Concepci\u00f3n,_Santa_Cruz/0/pictures/Concepci\u00f3n_003.JPG", "ref1_c2w": [[0.9988760352134705, 0.01013289112597704, 0.04630303010344505, 0.166076198220253], [0.005231541581451893, 0.9473444819450378, -0.320173442363739, 0.006227610632777214], [-0.047109201550483704, 0.3200558125972748, 0.9462267160415649, 0.8053341507911682], [0.0, 0.0, 0.0, 1.0]], "ref2_c2w": [[0.9999457001686096, 0.002813928760588169, 0.010031763464212418, 0.16200317442417145], [-0.000385714927688241, 0.9721763134002686, -0.2342500239610672, 0.03698701784014702], [-0.010411805473268032, 0.23423343896865845, 0.9721246361732483, 1.4316142797470093], [0.0, 0.0, 0.0, 1.0]], "target_c2w": [[0.999963104724884, 0.0037429705262184143, 0.007731195073574781, 0.18467827141284943], [-0.0023702189791947603, 0.9853578209877014, -0.17048251628875732, 0.03629869222640991], [-0.008256104774773121, 0.17045791447162628, 0.98533034324646, 0.7653724551200867], [0.0, 0.0, 0.0, 1.0]], "K_ref1": [[353.22088623046875, 0.0, 256.0], [0.0, 353.22088623046875, 256.0], [0.0, 0.0, 1.0]], "K_ref2": [[605.3629150390625, 0.0, 256.0], [0.0, 605.3629150390625, 256.0], [0.0, 0.0, 1.0]], "K_tgt": [[857.8944702148438, 0.0, 256.0], [0.0, 857.8944702148438, 256.0], [0.0, 0.0, 1.0]], "triplet_rank": 4}
{"scene_id": "203/661", "scene_name": "203_661__Temple_of_Portunus__Rome", "scene_prompt_name": "Temple_of_Portunus,_Rome", "images_dir": "scenes/203_661__Temple_of_Portunus__Rome/images", "ref1_name": "commons/Temple_of_Portunus,_Rome/0/pictures/Temple_of_Portunus,_Forum_Boarium,_Rome_-_53122648238.jpg", "ref2_name": "commons/Temple_of_Portunus,_Rome/0/pictures/Templo_de_Portuno,_Roma,_2017_03.jpg", "target_name": "commons/Temple_of_Portunus,_Rome/0/pictures/Temple_of_Portunus,_Forum_Boarium,_Rome_-_53122325944.jpg", "ref1_c2w": [[0.9192503094673157, 0.10857269912958145, 0.3784056603908539, -0.2761414051055908], [-0.012750474736094475, 0.968923807144165, -0.24703064560890198, -0.024169260635972023], [-0.3934670090675354, 0.22225813567638397, 0.8920678496360779, -3.0961313247680664], [0.0, 0.0, 0.0, 1.0]], "ref2_c2w": [[0.9505075812339783, 0.06093154475092888, 0.30466821789741516, 0.03392922133207321], [0.028729762881994247, 0.9591445922851562, -0.2814537584781647, -0.02089340053498745], [-0.3093703091144562, 0.27627697587013245, 0.9099236726760864, -3.132107973098755], [0.0, 0.0, 0.0, 1.0]], "target_c2w": [[0.8542995452880859, 0.11846872419118881, 0.5061001777648926, -0.27758100628852844], [0.01241270825266838, 0.9687522053718567, -0.24771974980831146, -0.022229596972465515], [-0.5196326971054077, 0.21790894865989685, 0.8261340856552124, -3.103501319885254], [0.0, 0.0, 0.0, 1.0]], "K_ref1": [[674.6185302734375, 0.0, 256.0], [0.0, 674.6185302734375, 256.0], [0.0, 0.0, 1.0]], "K_ref2": [[505.2815856933594, 0.0, 256.0], [0.0, 505.2815856933594, 256.0], [0.0, 0.0, 1.0]], "K_tgt": [[709.5419921875, 0.0, 256.0], [0.0, 709.5419921875, 256.0], [0.0, 0.0, 1.0]], "triplet_rank": 0}
{"scene_id": "203/661", "scene_name": "203_661__Temple_of_Portunus__Rome", "scene_prompt_name": "Temple_of_Portunus,_Rome", "images_dir": "scenes/203_661__Temple_of_Portunus__Rome/images", "ref1_name": "commons/Temple_of_Portunus,_Rome/0/pictures/Temple_of_Portunus,_Forum_Boarium,_Rome_-_53122325944.jpg", "ref2_name": "commons/Temple_of_Portunus,_Rome/0/pictures/Templo_de_Portuno,_Roma,_2017_03.jpg", "target_name": "commons/Temple_of_Portunus,_Rome/0/pictures/Temple_of_Portunus,_Forum_Boarium,_Rome_-_53122648238.jpg", "ref1_c2w": [[0.8542995452880859, 0.11846872419118881, 0.5061001777648926, -0.27758100628852844], [0.01241270825266838, 0.9687522053718567, -0.24771974980831146, -0.022229596972465515], [-0.5196326971054077, 0.21790894865989685, 0.8261340856552124, -3.103501319885254], [0.0, 0.0, 0.0, 1.0]], "ref2_c2w": [[0.9505075812339783, 0.06093154475092888, 0.30466821789741516, 0.03392922133207321], [0.028729762881994247, 0.9591445922851562, -0.2814537584781647, -0.02089340053498745], [-0.3093703091144562, 0.27627697587013245, 0.9099236726760864, -3.132107973098755], [0.0, 0.0, 0.0, 1.0]], "target_c2w": [[0.9192503094673157, 0.10857269912958145, 0.3784056603908539, -0.2761414051055908], [-0.012750474736094475, 0.968923807144165, -0.24703064560890198, -0.024169260635972023], [-0.3934670090675354, 0.22225813567638397, 0.8920678496360779, -3.0961313247680664], [0.0, 0.0, 0.0, 1.0]], "K_ref1": [[709.5419921875, 0.0, 256.0], [0.0, 709.5419921875, 256.0], [0.0, 0.0, 1.0]], "K_ref2": [[505.2815856933594, 0.0, 256.0], [0.0, 505.2815856933594, 256.0], [0.0, 0.0, 1.0]], "K_tgt": [[674.6185302734375, 0.0, 256.0], [0.0, 674.6185302734375, 256.0], [0.0, 0.0, 1.0]], "triplet_rank": 1}
{"scene_id": "203/661", "scene_name": "203_661__Temple_of_Portunus__Rome", "scene_prompt_name": "Temple_of_Portunus,_Rome", "images_dir": "scenes/203_661__Temple_of_Portunus__Rome/images", "ref1_name": "commons/Temple_of_Portunus,_Rome/0/pictures/10571_-_Rome_-_Temples_of_the_Forum_Boarium_(3506225711).jpg", "ref2_name": "commons/Temple_of_Portunus,_Rome/0/pictures/Temple_of_Portunus,_view_2_-_Rome_Italy_-_DSC00505.jpg", "target_name": "commons/Temple_of_Portunus,_Rome/0/pictures/Templo_de_Portuno,_Roma,_2017_02.jpg", "ref1_c2w": [[0.9994248151779175, -0.024304404854774475, -0.023651471361517906, 0.6978386044502258], [0.016543656587600708, 0.9582096934318542, -0.28558796644210815, -0.041286878287792206], [0.029604114592075348, 0.28503239154815674, 0.958060622215271, -3.107602834701538], [0.0, 0.0, 0.0, 1.0]], "ref2_c2w": [[0.9998009204864502, -0.01979612186551094, -0.002487532328814268, 0.6610382199287415], [0.017683565616607666, 0.9369597434997559, -0.3489895761013031, 0.13205084204673767], [0.009239357896149158, 0.34887611865997314, 0.9371232986450195, -2.8329508304595947], [0.0, 0.0, 0.0, 1.0]], "target_c2w": [[0.9985758066177368, -0.010224014520645142, -0.052362460643053055, 0.6859056353569031], [0.001978963613510132, 0.9878889322280884, -0.15515018999576569, -0.05334087461233139], [0.05331455543637276, 0.1548255980014801, 0.9865022301673889, -3.1334586143493652], [0.0, 0.0, 0.0, 1.0]], "K_ref1": [[730.0872192382812, 0.0, 256.0], [0.0, 730.0872192382812, 256.0], [0.0, 0.0, 1.0]], "K_ref2": [[542.5010375976562, 0.0, 256.0], [0.0, 542.5010375976562, 256.0], [0.0, 0.0, 1.0]], "K_tgt": [[511.8847961425781, 0.0, 256.0], [0.0, 511.8847961425781, 256.0], [0.0, 0.0, 1.0]], "triplet_rank": 2}
